35
35
36
35
34
34
35
35
34
33
33
33
33
33
34
33
33
34
34
33
32
31
33
31
29
27
25
25
26
27
27
32
41
34
34
34
35
35
36
37
38
39
40
41
41
37
35
32
30
28
28
29
31
30
28
26
25
22
20
19
19
18
18
18
18
17
18
17
17
17
17
17
17
17
18
18
18
20
21
24
30
48
38
28
25
23
20
19
19
21
29
23
21
18
17
16
16
20
18
17
16
18
16
16
16
15
15
15
15
15
15
16
16
17
18
17
20
30
19
17
16
16
15
16
17
15
15
15
15
15
15
15
16
17
16
16
16
16
17
18
19
18
18
20
23
41
29
22
19
18
17
16
16
16
16
16
16
16
18
17
16
17
17
17
18
18
19
20
21
23
24
24
25
26
28
32
33
32
34
36
41
42
39
39
38
38
38
38
38
37
37
38
37
33
31
29
27
27
25
23
23
22
22
22
21
21
21
21
21
21
21
21
20
20
21
21
21
21
21
22
22
22
22
22
23
25
27
35
26
24
24
23
23
24
26
29
32
33
33
34
36
39
38
38
39
38
38
37
36
36
36
37
36
36
35
34
34
35
36
36
37
38
34
32
32
32
32
32
34
34
34
33
33
34
34
32
32
30
29
29
27
26
25
25
26
27
27
32
43
34
34
34
38
38
39
40
41
42
43
44
42
37
35
33
30
28
28
29
31
31
28
26
25
23
20
19
19
18
18
18
18
17
18
17
17
17
17
17
17
17
18
18
18
20
21
24
30
54
37
29
26
22
20
19
19
21
31
23
21
18
17
16
16
20
18
17
16
18
16
16
16
15
15
15
15
15
15
15
16
17
18
17
20
28
19
17
16
16
15
16
18
15
15
15
15
15
15
16
16
17
16
16
16
16
17
18
20
18
18
20
24
44
30
22
20
18
17
16
16
16
16
16
16
16
17
16
16
17
17
17
18
18
19
20
21
23
23
24
25
26
28
31
33
32
32
36
39
41
38
38
38
38
37
37
35
34
34
36
36
32
30
29
28
26
25
24
23
22
22
22
22
21
21
21
21
20
20
20
21
20
21
21
21
21
22
22
22
22
22
22
23
25
27
30
25
24
24
23
23
24
26
29
32
34
35
37
37
39
39
38
37
37
37
36
36
35
35
35
36
36
35
34
