60
60
59
58
57
56
54
53
53
52
54
51
52
52
50
48
50
51
48
46
45
42
39
38
35
34
34
33
31
26
24
23
23
23
26
26
22
21
21
22
21
21
21
20
20
20
24
24
24
19
17
16
16
15
14
14
13
12
12
12
12
12
12
12
12
12
12
13
13
13
14
14
15
16
17
20
22
27
47
35
26
23
21
19
18
17
17
17
16
16
16
15
15
15
14
13
13
13
12
12
12
12
11
11
11
11
11
12
12
14
14
13
13
12
12
11
11
11
11
11
11
9.7
9.5
9.5
9.5
9.6
10
12
10
9.7
9.6
9.5
9.4
9.5
9.6
9.8
9.4
9.3
9.4
9.5
9.8
11
11
11
12
12
13
14
17
31
18
15
14
13
13
13
13
13
12
14
13
12
11
11
11
12
12
12
12
13
13
13
13
13
13
14
14
13
12
12
12
12
12
12
13
13
13
14
14
13
15
24
26
27
28
26
26
27
22
19
19
18
19
19
19
20
20
20
20
20
20
21
23
26
29
29
26
26
28
30
32
36
38
41
42
44
46
49
51
54
58
62
62
63
63
65
65
66
66
65
63
64
64
61
61
61
59
59
60
60
59
59
60
60
60
59
57
55
55
55
54
53
52
52
51
52
55
54
48
53
56
57
56
53
49
46
45
43
40
39
37
34
33
31
29
26
24
24
25
25
25
26
23
22
22
22
22
22
22
21
21
21
25
27
37
19
17
17
16
16
15
14
14
13
13
12
12
12
12
12
12
12
12
13
13
13
14
15
15
17
18
21
23
28
59
35
25
22
21
20
19
18
17
16
15
15
15
14
14
13
13
13
12
12
12
11
11
11
11
11
11
11
11
12
12
19
16
13
13
12
12
11
11
11
11
11
11
10
9.8
9.8
9.8
9.8
11
12
10
9.6
9.5
9.4
9.3
9.4
9.6
9.5
9.3
9.3
9.4
9.5
9.6
10
11
11
12
12
13
14
17
25
18
15
14
13
13
13
13
13
12
13
13
12
12
11
12
12
12
12
12
12
12
13
13
13
13
13
13
13
12
12
12
12
12
12
13
14
15
18
20
19
19
18
19
21
25
25
28
31
22
20
18
18
17
17
18
19
20
21
21
21
22
23
23
23
25
28
26
25
26
29
33
36
40
44
44
44
47
50
52
53
57
65
59
60
61
62
61
63
65
65
62
60
59
61
62
61
60
64
63
62
60
61
61
59
58
58
